Run,Messages,Loss,Corruption,Time_bw_messages,Application_A,Transport_A,Transport_B,Application_B,Total_time,Throughput
1,1000,0.1,0.0,50.0,1000,1332,1203,999,49069.085938,0.020359
2,1000,0.1,0.0,50.0,1000,1357,1212,999,49489.183594,0.020186
3,1000,0.1,0.0,50.0,1000,1340,1195,999,50262.789062,0.019876
4,1000,0.1,0.0,50.0,1000,1345,1193,999,49720.312500,0.020092
5,1000,0.1,0.0,50.0,1000,1316,1193,999,48408.855469,0.020637
6,1000,0.1,0.0,50.0,1000,1329,1183,999,50368.472656,0.019834
7,1000,0.1,0.0,50.0,1000,1318,1197,998,49549.218750,0.020142
8,1000,0.1,0.0,50.0,1000,1301,1174,999,50390.070312,0.019825
9,1000,0.1,0.0,50.0,1000,1313,1191,999,49283.894531,0.020270
10,1000,0.1,0.0,50.0,1000,1312,1189,999,50064.640625,0.019954
