Run,Messages,Loss,Corruption,Time_bw_messages,Application_A,Transport_A,Transport_B,Application_B,Total_time,Throughput
1,1000,0.1,0.0,50.0,1000,335,298,29,50452.015625,0.000575
2,1000,0.1,0.0,50.0,1000,318,282,7,50504.328125,0.000139
3,1000,0.1,0.0,50.0,1000,318,282,41,50295.742188,0.000815
4,1000,0.1,0.0,50.0,1000,336,300,22,50542.968750,0.000435
5,1000,0.1,0.0,50.0,1000,319,292,5,50040.781250,0.000100
6,1000,0.1,0.0,50.0,1000,82,77,38,49728.730469,0.000764
7,1000,0.1,0.0,50.0,1000,311,274,14,48993.480469,0.000286
8,1000,0.1,0.0,50.0,1000,61,57,22,49691.777344,0.000443
9,1000,0.1,0.0,50.0,1000,61,51,14,48132.957031,0.000291
10,1000,0.1,0.0,50.0,1000,318,288,5,49323.140625,0.000101
